Taxon1	Taxon2	Taxon3	Taxon4	Taxon5	Taxon6	Taxon7
Taxon1	0	0.789473684210526	0.736842105263158	0.578947368421053	0.631578947368421	0.736842105263158	0.684210526315789
Taxon2	0.789473684210526	0	0.210526315789474	0.578947368421053	0.526315789473684	0.368421052631579	0.421052631578947
Taxon3	0.736842105263158	0.210526315789474	0	0.526315789473684	0.526315789473684	0.263157894736842	0.315789473684211
Taxon4	0.578947368421053	0.578947368421053	0.526315789473684	0	0.157894736842105	0.421052631578947	0.473684210526316
Taxon5	0.631578947368421	0.526315789473684	0.526315789473684	0.157894736842105	0	0.368421052631579	0.421052631578947
Taxon6	0.736842105263158	0.368421052631579	0.263157894736842	0.421052631578947	0.368421052631579	0	0.105263157894737
Taxon7	0.684210526315789	0.421052631578947	0.315789473684211	0.473684210526316	0.421052631578947	0.105263157894737	0
