Taxon1	Taxon2	Taxon3	Taxon4	Taxon5	Taxon6	Taxon7
Taxon1	0	0.578947368421053	0.473684210526316	0.526315789473684	0.578947368421053	0.631578947368421	0.684210526315789
Taxon2	0.578947368421053	0	0.105263157894737	0.526315789473684	0.526315789473684	0.368421052631579	0.421052631578947
Taxon3	0.473684210526316	0.105263157894737	0	0.473684210526316	0.473684210526316	0.315789473684211	0.368421052631579
Taxon4	0.526315789473684	0.526315789473684	0.473684210526316	0	0.157894736842105	0.368421052631579	0.421052631578947
Taxon5	0.578947368421053	0.526315789473684	0.473684210526316	0.157894736842105	0	0.368421052631579	0.421052631578947
Taxon6	0.631578947368421	0.368421052631579	0.315789473684211	0.368421052631579	0.368421052631579	0	0.0526315789473684
Taxon7	0.684210526315789	0.421052631578947	0.368421052631579	0.421052631578947	0.421052631578947	0.0526315789473684	0
